          %CHARGE         %LJ EPSILON     %LJ C_RADII     %GB_RADII       %SCREEN        %DIELECTRIC        %ATOM INDEX
PRO N    -0.46430420E+01  0.17000000E+00  0.18240000E+01  0.15500000E+01  0.79000000E+00  0.10000000E+01       1
PRO CD    0.34986816E+00  0.10940000E+00  0.19080000E+01  0.17000000E+01  0.72000000E+00  0.10000000E+01       2
PRO HD2   0.71249193E+00  0.15700000E-01  0.14870000E+01  0.13000000E+01  0.85000000E+00  0.10000000E+01       3
PRO HD3   0.71249193E+00  0.15700000E-01  0.14870000E+01  0.13000000E+01  0.85000000E+00  0.10000000E+01       4
PRO CG    0.34440147E+00  0.10940000E+00  0.19080000E+01  0.17000000E+01  0.72000000E+00  0.10000000E+01       5
PRO HG2   0.38813499E+00  0.15700000E-01  0.14870000E+01  0.13000000E+01  0.85000000E+00  0.10000000E+01       6
PRO HG3   0.38813499E+00  0.15700000E-01  0.14870000E+01  0.13000000E+01  0.85000000E+00  0.10000000E+01       7
PRO CB   -0.12755610E+00  0.10940000E+00  0.19080000E+01  0.17000000E+01  0.72000000E+00  0.10000000E+01       8
PRO HB2   0.46102419E+00  0.15700000E-01  0.14870000E+01  0.13000000E+01  0.85000000E+00  0.10000000E+01       9
PRO HB3   0.46102419E+00  0.15700000E-01  0.14870000E+01  0.13000000E+01  0.85000000E+00  0.10000000E+01      10
PRO CA   -0.48471318E+00  0.10940000E+00  0.19080000E+01  0.17000000E+01  0.72000000E+00  0.10000000E+01      11
PRO HA    0.11680494E+01  0.15700000E-01  0.14870000E+01  0.13000000E+01  0.85000000E+00  0.10000000E+01      12
PRO C     0.10743868E+02  0.86000000E-01  0.19080000E+01  0.17000000E+01  0.72000000E+00  0.10000000E+01      13
PRO O    -0.10474178E+02  0.21000000E+00  0.16612000E+01  0.15000000E+01  0.85000000E+00  0.10000000E+01      14